0.011 0 0 0 0 0 0 1
0.529 -0.000396506 0.0023637 0.00331349 -0.00169027 -0.00349885 -0.00113868 0.999992
0.571 -0.00015732 0.00152057 0.0100021 -0.0148399 -0.0102395 -2.37201e-05 0.999837
0.616 -0.000699731 0.00176743 0.0133282 -0.0185861 -0.0116444 0.000102738 0.999759
0.658 -0.000800285 0.00182629 0.0160412 -0.0206728 -0.0134632 0.0015835 0.999694
0.702 -0.00097648 0.00196338 0.0188357 -0.0229119 -0.0151483 0.00161635 0.999621
0.743 -0.00219626 0.00264749 0.0209077 -0.024323 -0.016327 0.000123095 0.999571
0.787 -0.00229905 0.00451132 0.0237619 -0.0281206 -0.0198978 0.000447002 0.999406
0.832 -0.0017305 0.00398159 0.0279108 -0.0366187 -0.0231766 0.000285754 0.99906
0.872 -0.000964278 0.00511059 0.0318385 -0.040035 -0.0239179 -0.000368581 0.998912
0.915 -0.0017293 0.00317299 0.0382921 -0.0489525 -0.0201341 -0.00487431 0.998586
0.954 -0.00188833 0.00330216 0.0419652 -0.0458176 -0.0175132 -0.00362882 0.99879
0.995 -0.00368085 0.00538186 0.0464185 -0.0443804 -0.0157005 -0.00301842 0.998887
1.032 -0.00388413 0.00536678 0.0502702 -0.0456829 -0.0159665 -0.000981928 0.998828
1.079 -0.00420977 0.00810845 0.0532952 -0.0435836 -0.0159559 0.000548078 0.998922
1.119 -0.00336566 0.00811655 0.0578453 -0.0464496 -0.0157409 -0.00193505 0.998795
1.162 -0.00358618 0.00908022 0.0609504 -0.0471314 -0.0125453 -0.00302807 0.998805
1.206 -0.00388122 0.00917542 0.0648508 -0.0495056 -0.0086719 -0.00436345 0.998727
1.243 -0.00438149 0.00989576 0.0674103 -0.0487178 -0.00527892 -0.00587261 0.998781
1.28 -0.00478479 0.0104514 0.0703794 -0.0484535 -0.0035093 -0.00797176 0.998787
1.316 -0.00756358 0.0114986 0.074034 -0.0495917 -0.00668153 -0.00860428 0.99871
1.352 -0.00743551 0.0119287 0.077212 -0.0514223 -0.0135459 -0.00636962 0.998565
1.387 -0.00749671 0.0129837 0.0798514 -0.0527065 -0.0195635 -0.00349356 0.998412
1.421 -0.00681099 0.0135175 0.0847339 -0.0527417 -0.0239822 -0.000887439 0.99832
1.455 -0.00660494 0.0152246 0.0859972 -0.0505475 -0.0238877 0.000366064 0.998436
1.492 -0.00681438 0.0161452 0.0893139 -0.0517058 -0.0239625 0.00143228 0.998374
1.535 -0.00714746 0.0174789 0.091609 -0.0519456 -0.0219972 0.00156413 0.998406
1.582 -0.00756236 0.0194967 0.0954998 -0.0639891 -0.0215252 0.00584871 0.997701
1.631 -0.00884097 0.019056 0.0955001 -0.0746674 -0.0221101 0.00933969 0.99692
1.688 -0.00879602 0.0181016 0.098098 -0.0823197 -0.0318971 0.0104035 0.996041
1.744 -0.0074212 0.019219 0.100611 -0.0820387 -0.0382472 0.0102461 0.995842
1.804 -0.00785648 0.0190508 0.100406 -0.085369 -0.0354862 0.0117441 0.995648
1.881 -0.0079882 0.0174589 0.0994554 -0.0884835 -0.0347313 0.0129247 0.995388
1.941 -0.00771438 0.0173041 0.0986057 -0.0875712 -0.037902 0.0134789 0.995346
2.003 -0.00701795 0.0170169 0.0988502 -0.0866229 -0.0426114 0.0131793 0.995242
2.074 -0.00672438 0.0161037 0.0971431 -0.0836334 -0.0446368 0.0113863 0.995431
2.121 -0.00628192 0.015117 0.0942722 -0.0783982 -0.0464238 0.0103339 0.995787
2.162 -0.00600235 0.0140818 0.0907161 -0.0745999 -0.0482382 0.0103137 0.995993
